26 24414 11485
27 23643 12996
28 22782 14456
29 21830 15857
30 20783 17202
31 19665 18472
32 18470 19667
33 17200 20785
34 15855 21830
35 14456 22782
36 12996 23643
37 11485 24414
38 9931 25086
39 8335 25660
40 6708 26134
41 5053 26505
42 3381 26767
43 1693 26928
44 -1 26982
45 -1695 26928
46 -3383 26767
47 -5057 26503
48 -6712 26132
49 -8337 25660
50 -9935 25084
51 -11485 24414
52 -12996 23643
53 -14456 22782
54 -15857 21830
55 -17202 20783
56 -18472 19665
57 -19667 18470
58 -20785 17200
59 -21830 15855
60 -22782 14454
61 -23645 12994
62 -24414 11485
63 -25086 9931
64 -25660 8335
65 -26134 6708
66 -26505 5053
67 -26767 3381
68 -26928 1693
69 -26982 -1
70 -26928 -1695
71 -26767 -3383
72 -26503 -5057
73 -26132 -6712
74 -25660 -8337
75 -25084 -9935
76 -24414 -11487
77 -23643 -12998
78 -22780 -14458
79 -21830 -15857
80 -20783 -17202
81 -19665 -18472
82 -18470 -19667
83 -17193 -20794
84 -15855 -21830
85 -14454 -22782
86 -12994 -23645
87 -11483 -24416
88 -9929 -25086
89 -8331 -25662
90 -6708 -26134
91 -5053 -26505
92 -3381 -26767
93 -1693 -26928
94 3 -26982
95 1699 -26928
96 3383 -26767
97 5057 -26503
98 6712 -26132
99 8337 -25660
100 9935 -25084
101 11487 -24414
102 12998 -23643
103 14458 -22780
104 15859 -21828
105 17204 -20781
106 18472 -19665
107 19669 -18468
108 20796 -17191
109 21830 -15855
110 22782 -14454
111 23645 -12994
112 24416 -11483
113 25086 -9929
114 25662 -8331
115 26134 -6706
116 26505 -5051
117 26767 -3377
118 26928 -1693
119 26982 3
120 26928 1699
121 26767 3387
122 26503 5059
123 26132 6714
124 25660 8337
125 25084 9935
126 24414 11487
127 23643 12998
128 22780 14458
129 21828 15859
130 20781 17204
131 19663 18474
132 18468 19669
133 17191 20796
134 15851 21834
135 14448 22788
136 12994 23645
137 11483 24416
138 9929 25086
139 8331 25662
140 6706 26134
141 5051 26505
142 3377 26767
143 1687 26928
144 -3 26982
145 -1699 26928
146 -3387 26767
147 -5059 26503
148 -6714 26132
149 -8343 25658
150 -9937 25084
151 -11491 24412
152 -13006 23639
153 -14458 22780
154 -15859 21828
155 -17204 20781
156 -18474 19663
157 -19669 18468
158 -20796 17191
159 -21834 15851
160 -22788 14448
161 -23645 12992
162 -24416 11481
163 -25088 9925
164 -25662 8331
165 -26134 6706
166 -26505 5051
167 -26767 3377
168 -26928 1687
169 -26980 -9
170 -26928 -1701
171 -26767 -3387
172 -26503 -5059
173 -26132 -6714
174 -25658 -8343
175 -25084 -9937
176 -24412 -11491
177 -23639 -13006
178 -22780 -14460
179 -21828 -15861
180 -20781 -17204
181 -19663 -18474
182 -18468 -19669
183 -17191 -20796
184 -15851 -21834
185 -14448 -22788
186 -12992 -23645
187 -11481 -24416
188 -9925 -25088
189 -8329 -25662
190 -6702 -26134
191 -5047 -26505
192 -3377 -26767
193 -1687 -26928
194 9 -26980
195 1701 -26928
196 3389 -26767
197 5063 -26503
198 6714 -26132
199 8343 -25658
200 9937 -25084
201 11491 -24412
202 13006 -23639
203 14460 -22780
204 15861 -21828
205 17206 -20779
206 18476 -19661
207 19671 -18466
208 20798 -17189
209 21834 -15849
210 22788 -14448
211 23645 -12992
212 24416 -11481
213 25088 -9925
214 25662 -8329
215 26134 -6702
216 26505 -5047
217 26767 -3375
218 26928 -1685
219 26980 9
220 26928 1701
221 26767 3389
222 26503 5063
223 26132 6718
224 25658 8345
225 25082 9941
226 24412 11491
227 23639 13006
228 22780 14460
229 21828 15861
230 20779 17206
231 19661 18476
232 18466 19671
233 17189 20798
234 15849 21834
235 14446 22788
236 12988 23649
237 11475 24420
238 9925 25088
239 8329 25662
240 6702 26134
241 5047 26505
242 3375 26767
243 1685 26928
244 -11 26980
245 -1701 26928
246 -3389 26767
247 -5063 26503
248 -6718 26132
249 -8345 25658
250 -9941 25082
251 -11493 24412
252 -13008 23639
253 -14464 22776
254 -15861 21828
255 -17206 20779
256 -18476 19661
257 -19671 18466
258 -20798 17189
259 -21834 15849
260 -22788 14446
261 -23649 12988
262 -24420 11475
263 -25088 9923
264 -25664 8325
265 -26134 6700
266 -26505 5047
267 -26767 3375
268 -26928 1685
269 -26980 -11
270 -26928 -1705
271 -26765 -3395
272 -26503 -5063
273 -26132 -6718
274 -25658 -8345
275 -25082 -9941
276 -24412 -11493
277 -23639 -13008
278 -22776 -14464
279 -21816 -15871
280 -20777 -17210
281 -19659 -18478
282 -18464 -19673
283 -17187 -20800
284 -15847 -21836
285 -14446 -22788
286 -12988 -23649
287 -11475 -24420
288 -9923 -25088
289 -8325 -25664
290 -6700 -26134
291 -5045 -26505
292 -3371 -26767
293 -1685 -26928
294 11 -26980
295 1705 -26928
296 3395 -26765
297 5065 -26503
298 6720 -26132
299 8349 -25656
300 9941 -25082
301 11493 -24412
302 13008 -23639
303 14464 -22776
304 15871 -21816
305 17210 -20777
306 18478 -19659
307 19673 -18464
308 20800 -17187
309 21836 -15847
310 22790 -14444
311 23649 -12988
312 24420 -11475
313 25088 -9923
314 25664 -8325
315 26134 -6700
316 26505 -5045
317 26767 -3371
318 26928 -1681
319 26980 11
320 26928 1705
321 26765 3395
322 26503 5065
323 26132 6720
324 25656 8349
325 25082 9943
326 24410 11495
327 23637 13010
328 22776 14464
329 21816 15871
330 20777 17210
331 19659 18478
332 18464 19673
333 17187 20800
334 15847 21836
335 14444 22790
336 12986 23649
337 11473 24420
338 9919 25090
339 8323 25664
340 6700 26134
341 5045 26505
342 3371 26767
343 1681 26928
344 -15 26980
345 -1707 26928
346 -3395 26765
347 -5065 26503
348 -6720 26132
349 -8349 25656
350 -9943 25082
351 -11495 24410
352 -13010 23637
353 -14466 22776
354 -15873 21816
355 -17212 20775
356 -18478 19659
357 -19682 18455
358 -20800 17187
359 -21836 15847
360 -22790 14444
361 -23649 12986
362 -24420 11473
363 -25090 9919
364 -25664 8323
365 -26138 6696
366 -26507 5041
367 -26767 3369
368 -26928 1681
369 -26980 -15
370 -26928 -1707
371 -26765 -3397
372 -26501 -5069
373 -26126 -6728
374 -25656 -8349
375 -25082 -9943
376 -24410 -11495
377 -23637 -13010
378 -22776 -14466
379 -21816 -15873
380 -20775 -17212
381 -19655 -18482
382 -18455 -19682
383 -17183 -20802
384 -15845 -21836
385 -14444 -22790
386 -12986 -23649
387 -11473 -24420
388 -9919 -25090
389 -8323 -25664
390 -6696 -26138
391 -5041 -26507
392 -3369 -26767
393 -1679 -26928
394 15 -26980
395 1707 -26928
396 3397 -26765
397 5069 -26501
398 6728 -26126
399 8351 -25656
400 9947 -25080
401 11497 -24410
402 13010 -23637
403 14466 -22776
404 15873 -21816
405 17212 -20775
406 18482 -19655
407 19682 -18455
408 20802 -17183
409 21836 -15845
410 22790 -14442
411 23651 -12984
412 24422 -11471
413 25090 -9919
414 25664 -8323
415 26138 -6696
416 26507 -5041
417 26767 -3369
418 26928 -1679
419 26980 17
420 26928 1707
421 26765 3397
422 26501 5069
423 26126 6728
424 25656 8351
425 25080 9947
426 24410 11497
427 23637 13012
428 22774 14468
429 21814 15875
430 20775 17212
431 19655 18482
432 18455 19682
433 17183 20802
434 15845 21836
435 14442 22790
436 12984 23651
437 11471 24422
438 9917 25090
439 8319 25666
440 6694 26138
441 5039 26507
442 3369 26767
443 1679 26928
444 -17 26980
445 -1711 26928
446 -3401 26765
447 -5069 26501
448 -6728 26126
449 -8351 25656
450 -9947 25080
451 -11497 24410
452 -13012 23637
453 -14468 22774
454 -15875 21814
455 -17214 20773
456 -18484 19653
457 -19684 18453
458 -20804 17181
459 -21842 15841
460 -22790 14442
461 -23651 12984
462 -24422 11471
463 -25090 9917
464 -25666 8319
465 -26138 6694
466 -26507 5039
467 -26771 3363
468 -26928 1675
469 -26980 -17
470 -26928 -1711
471 -26765 -3401
472 -26501 -5071
473 -26126 -6730
474 -25654 -8355
475 -25080 -9949
476 -24410 -11497
477 -23637 -13012
478 -22774 -14468
479 -21814 -15875
480 -20773 -17214
481 -19653 -18484
482 -18453 -19684
483 -17181 -20804
484 -15841 -21842
485 -14438 -22794
486 -12982 -23651
487 -11471 -24422
488 -9917 -25090
489 -8319 -25666
490 -6694 -26138
491 -5039 -26507
492 -3363 -26771
493 -1675 -26928
494 17 -26980
