26 20000 655
27 20000 1311
28 20000 1966
29 20000 2621
30 20000 3277
31 20000 3932
32 20000 4588
33 20000 5243
34 20000 5898
35 20000 6554
36 20000 7209
37 20000 7864
38 20000 8520
39 20000 9175
40 20000 9831
41 20000 10486
42 20000 11141
43 20000 11797
44 20000 12452
45 20000 13107
46 20000 13763
47 20000 14418
48 20000 15074
49 20000 15729
50 -20000 16383
51 -20000 15727
52 -20000 15072
53 -20000 14417
54 -20000 13761
55 -20000 13106
56 -20000 12450
57 -20000 11795
58 -20000 11140
59 -20000 10484
60 -20000 9829
61 -20000 9174
62 -20000 8518
63 -20000 7863
64 -20000 7207
65 -20000 6552
66 -20000 5897
67 -20000 5241
68 -20000 4586
69 -20000 3931
70 -20000 3275
71 -20000 2620
72 -20000 1964
73 -20000 1309
74 -20000 654
75 -20000 -2
76 -20000 -657
77 -20000 -1312
78 -20000 -1968
79 -20000 -2623
80 -20000 -3279
81 -20000 -3934
82 -20000 -4589
83 -20000 -5245
84 -20000 -5900
85 -20000 -6555
86 -20000 -7211
87 -20000 -7866
88 -20000 -8522
89 -20000 -9177
90 -20000 -9832
91 -20000 -10488
92 -20000 -11143
93 -20000 -11798
94 -20000 -12454
95 -20000 -13109
96 -20000 -13765
97 -20000 -14420
98 -20000 -15075
99 -20000 -15731
100 20000 -16383
101 20000 -15728
102 20000 -15072
103 20000 -14417
104 20000 -13761
105 20000 -13106
106 20000 -12451
107 20000 -11795
108 20000 -11140
109 20000 -10485
110 20000 -9829
111 20000 -9174
112 20000 -8518
113 20000 -7863
114 20000 -7208
115 20000 -6552
116 20000 -5897
117 20000 -5242
118 20000 -4586
119 20000 -3931
120 20000 -3275
121 20000 -2620
122 20000 -1965
123 20000 -1309
124 20000 -654
125 20000 1
126 20000 657
127 20000 1312
128 20000 1968
129 20000 2623
130 20000 3278
131 20000 3934
132 20000 4589
133 20000 5244
134 20000 5900
135 20000 6555
136 20000 7211
137 20000 7866
138 20000 8521
139 20000 9177
140 20000 9832
141 20000 10487
142 20000 11143
143 20000 11798
144 20000 12454
145 20000 13109
146 20000 13764
147 20000 14420
148 20000 15075
149 20000 15730
150 -20000 16381
151 -20000 15726
152 -20000 15070
153 -20000 14415
154 -20000 13760
155 -20000 13104
156 -20000 12449
157 -20000 11794
158 -20000 11138
159 -20000 10483
160 -20000 9827
161 -20000 9172
162 -20000 8517
163 -20000 7861
164 -20000 7206
165 -20000 6551
166 -20000 5895
167 -20000 5240
168 -20000 4584
169 -20000 3929
170 -20000 3274
171 -20000 2618
172 -20000 1963
173 -20000 1308
174 -20000 652
175 -20000 -3
176 -20000 -659
177 -20000 -1314
178 -20000 -1969
179 -20000 -2625
180 -20000 -3280
181 -20000 -3935
182 -20000 -4591
183 -20000 -5246
184 -20000 -5902
185 -20000 -6557
186 -20000 -7212
187 -20000 -7868
188 -20000 -8523
189 -20000 -9178
190 -20000 -9834
191 -20000 -10489
192 -20000 -11145
193 -20000 -11800
194 -20000 -12455
195 -20000 -13111
196 -20000 -13766
197 -20000 -14421
198 -20000 -15077
199 -20000 -15732
200 20000 -16381
201 20000 -15726
202 20000 -15071
203 20000 -14415
204 20000 -13760
205 20000 -13105
206 20000 -12449
207 20000 -11794
208 20000 -11138
209 20000 -10483
210 20000 -9828
211 20000 -9172
212 20000 -8517
213 20000 -7862
214 20000 -7206
215 20000 -6551
216 20000 -5895
217 20000 -5240
218 20000 -4585
219 20000 -3929
220 20000 -3274
221 20000 -2619
222 20000 -1963
223 20000 -1308
224 20000 -652
225 20000 3
226 20000 658
227 20000 1314
228 20000 1969
229 20000 2624
230 20000 3280
231 20000 3935
232 20000 4591
233 20000 5246
234 20000 5901
235 20000 6557
236 20000 7212
237 20000 7867
238 20000 8523
239 20000 9178
240 20000 9834
241 20000 10489
242 20000 11144
243 20000 11800
244 20000 12455
245 20000 13110
246 20000 13766
247 20000 14421
248 20000 15077
249 20000 15732
250 -20000 16380
251 -20000 15724
252 -20000 15069
253 -20000 14414
254 -20000 13758
255 -20000 13103
256 -20000 12447
257 -20000 11792
258 -20000 11137
259 -20000 10481
260 -20000 9826
261 -20000 9171
262 -20000 8515
263 -20000 7860
264 -20000 7204
265 -20000 6549
266 -20000 5894
267 -20000 5238
268 -20000 4583
269 -20000 3928
270 -20000 3272
271 -20000 2617
272 -20000 1961
273 -20000 1306
274 -20000 651
275 -20000 -5
276 -20000 -660
277 -20000 -1315
278 -20000 -1971
279 -20000 -2626
280 -20000 -3282
281 -20000 -3937
282 -20000 -4592
283 -20000 -5248
284 -20000 -5903
285 -20000 -6558
286 -20000 -7214
287 -20000 -7869
288 -20000 -8525
289 -20000 -9180
290 -20000 -9835
291 -20000 -10491
292 -20000 -11146
293 -20000 -11801
294 -20000 -12457
295 -20000 -13112
296 -20000 -13768
297 -20000 -14423
298 -20000 -15078
299 -20000 -15734
300 20000 -16380
301 20000 -15725
302 20000 -15069
303 20000 -14414
304 20000 -13758
305 20000 -13103
306 20000 -12448
307 20000 -11792
308 20000 -11137
309 20000 -10482
310 20000 -9826
311 20000 -9171
312 20000 -8515
313 20000 -7860
314 20000 -7205
315 20000 -6549
316 20000 -5894
317 20000 -5239
318 20000 -4583
319 20000 -3928
320 20000 -3272
321 20000 -2617
322 20000 -1962
323 20000 -1306
324 20000 -651
325 20000 4
326 20000 660
327 20000 1315
328 20000 1971
329 20000 2626
330 20000 3281
331 20000 3937
332 20000 4592
333 20000 5247
334 20000 5903
335 20000 6558
336 20000 7214
337 20000 7869
338 20000 8524
339 20000 9180
340 20000 9835
341 20000 10490
342 20000 11146
343 20000 11801
344 20000 12457
345 20000 13112
346 20000 13767
347 20000 14423
348 20000 15078
349 20000 15733
350 -20000 16378
351 -20000 15723
352 -20000 15067
353 -20000 14412
354 -20000 13757
355 -20000 13101
356 -20000 12446
357 -20000 11791
358 -20000 11135
359 -20000 10480
360 -20000 9824
361 -20000 9169
362 -20000 8514
363 -20000 7858
364 -20000 7203
365 -20000 6548
366 -20000 5892
367 -20000 5237
368 -20000 4581
369 -20000 3926
370 -20000 3271
371 -20000 2615
372 -20000 1960
373 -20000 1305
374 -20000 649
375 -20000 -6
376 -20000 -662
377 -20000 -1317
378 -20000 -1972
379 -20000 -2628
380 -20000 -3283
381 -20000 -3938
382 -20000 -4594
383 -20000 -5249
384 -20000 -5905
385 -20000 -6560
386 -20000 -7215
387 -20000 -7871
388 -20000 -8526
389 -20000 -9181
390 -20000 -9837
391 -20000 -10492
392 -20000 -11148
393 -20000 -11803
394 -20000 -12458
395 -20000 -13114
396 -20000 -13769
397 -20000 -14424
398 -20000 -15080
399 -20000 -15735
400 20000 -16378
401 20000 -15723
402 20000 -15068
403 20000 -14412
404 20000 -13757
405 20000 -13102
406 20000 -12446
407 20000 -11791
408 20000 -11135
409 20000 -10480
410 20000 -9825
411 20000 -9169
412 20000 -8514
413 20000 -7859
414 20000 -7203
415 20000 -6548
416 20000 -5892
417 20000 -5237
418 20000 -4582
419 20000 -3926
420 20000 -3271
421 20000 -2616
422 20000 -1960
423 20000 -1305
424 20000 -649
425 20000 6
426 20000 661
427 20000 1317
428 20000 1972
429 20000 2627
430 20000 3283
431 20000 3938
432 20000 4594
433 20000 5249
434 20000 5904
435 20000 6560
436 20000 7215
437 20000 7870
438 20000 8526
439 20000 9181
440 20000 9837
441 20000 10492
442 20000 11147
443 20000 11803
444 20000 12458
445 20000 13113
446 20000 13769
447 20000 14424
448 20000 15080
449 20000 15735
450 -20000 16377
451 -20000 15721
452 -20000 15066
453 -20000 14411
454 -20000 13755
455 -20000 13100
456 -20000 12444
457 -20000 11789
458 -20000 11134
459 -20000 10478
460 -20000 9823
461 -20000 9168
462 -20000 8512
463 -20000 7857
464 -20000 7201
465 -20000 6546
466 -20000 5891
467 -20000 5235
468 -20000 4580
469 -20000 3925
470 -20000 3269
471 -20000 2614
472 -20000 1958
473 -20000 1303
474 -20000 648
475 -20000 -8
476 -20000 -663
477 -20000 -1318
478 -20000 -1974
479 -20000 -2629
480 -20000 -3285
481 -20000 -3940
482 -20000 -4595
483 -20000 -5251
484 -20000 -5906
485 -20000 -6561
486 -20000 -7217
487 -20000 -7872
488 -20000 -8528
489 -20000 -9183
490 -20000 -9838
491 -20000 -10494
492 -20000 -11149
493 -20000 -11804
494 -20000 -12460
